1 29 16
3 15 6
3 20 18
4 27 7
5 24 3
7 17 8
7 19 12
10 20 9
12 1 7
12 28 11
12 3 20
12 9 11
13 12 16
13 26 3
13 7 20
15 21 7
16 19 11
16 23 12
17 20 15
17 29 14
18 28 19
21 10 3
21 12 19
21 15 13
21 9 10
24 2 1
24 22 6
24 8 7
25 20 9
26 20 14
26 25 15
28 10 7
28 18 12
28 18 9
30 2 8
31 11 5
31 19 16
31 4 17
32 13 16
32 20 20
32 23 12
32 7 3
33 20 7
33 30 8
38 1 20
39 15 8
39 6 19
42 24 5
42 3 3
45 16 5
45 27 2
47 16 14
47 19 5
49 25 10
50 6 10
52 10 1
54 17 3
54 17 3
55 17 5
55 2 18
56 6 8
59 11 7
59 9 7
61 25 10
61 25 3
61 8 18
62 30 12
63 24 8
63 25 12
63 7 12
67 1 20
67 15 18
70 5 14
71 9 11
72 10 20
73 1 6
74 1 9
78 2 6
78 23 7
78 27 5
